100
100
0
110
0
0
1
11
1
101
1
1
20
10
10
0
0
11
0
0
101
0
0
0
10
1
1
1
12
10
20
20
30
30
20
30
20
10
11
0
211
100
1
23
12
12
22
20
30
40
40
50
64
75
74
40
20
20
20
10
21
20
30
30
40
63
597
7b8
7c9
9da
9db
8ca
8db
9db
8b9
30
30
30
41
74
96
5b8
7c9
7d9
7d9
8d9
8d9
8d9
8d9
8d9
9d9
9da
9da
9ca
20
30
8a9
9cb
8da
8da
8da
7d9
8d9
8d9
7c8
5b7
5b7
5a6
293
70
70
697
40
10
30
aca
9da
8d9
9c9
6a7
384
172
40
30
30
30
30
30
30
20
10
10
0
30
30
385
495
40
30
30
10
0
110
10
10
0
0
0
1
0
0
0
0
10
20
20
20
10
0
10
0
0
0
110
100
102
3
13
11
10
10
100
101
101
112
1
0
111
0
21
20
30
20
30
30
31
32
20
20
10
10
10
0
0
0
20
0
20
40
74
96
3a7
5b7
6c8
6c9
7c9
7b8
30
20
20
10
10
0
10
20
10
797
8ba
8ca
8da
8da
7da
7d9
7d9
8d9
9ca
30
10
11
10
0
0
122
10
20
acb
aca
8b8
697
73
50
1a5
7d9
9d9
172
20
100
2
1
111
222
0
10
20
30
40
40
30
40
5a7
9ca
8c8
40
30
20
200
101
223
100
100
100
0
10
20
20
30
50
8c9
9da
696
30
30
10
0
101
101
100
0
110
100
100
10
20
30
74
9ca
8c9
72
30
20
100
101
112
2
100
0
10
10
0
100
100
20
73
9da
8b9
40
20
10
0
100
102
103
2
101
0
0
10
0
0
100
20
8da
8da
50
30
20
21
10
10
101
1
1
102
102
0
0
10
10
0
30
8da
7da
1a7
84
40
32
31
20
10
10
10
102
102
100
0
0
10
0
20
8c9
8da
8da
8da
9cb
8ba
597
74
30
20
10
2
1
100
100
0
0
0
0
30
484
7b7
8c9
8b9
9da
8da
8d9
596
30
20
2
0
100
100
0
0
0
0
10
20
30
40
40
50
2a5
8da
9da
40
20
2
1
100
100
0
1
1
0
0
10
20
10
20
30
40
9da
9da
30
20
2
1
100
0
10
11
1
0
10
0
100
0
10
20
50
9da
9cb
30
20
0
0
0
111
0
10
10
10
110
100
0
0
21
30
6b8
8da
40
20
10
0
0
100
0
1
11
11
0
0
0
0
20
20
486
8da
6b9
30
22
1
100
110
0
0
122
1
2
12
2
0
0
30
74
8ca
8c9
30
11
101
101
100
110
0
120
10
1
12
12
32
20
40
73
8da
7c9
50
30
10
1
100
2
2
1
0
0
21
20
30
74
95
5b8
7da
7da
b6
94
73
30
20
0
31
32
355
10
10
20
30
7a9
9db
8da
8da
7d9
7d9
8da
8da
8da
7b9
30
20
82
8ca
9cb
30
20
10
20
aca
9b9
7b8
6a6
6a6
596
6a6
7b7
9da
8da
7c9
30
7d9
8da
9ca
40
10
10
20
30
30
30
30
30
30
30
30
50
8da
8da
30
9d9
9da
697
30
0
101
0
20
20
20
20
20
20
20
20
40
8d9
8d9
30
40
40
30
10
100
202
102
1
1
1
21
0
100
120
20
63
8d9
8c8
20
30
20
0
100
100
100
0
1
101
202
0
100
201
10
40
9ca
9da
40
20
10
10
0
100
200
200
0
0
100
200
211
0
2
20
5a7
8da
385
30
10
100
210
0
100
200
200
0
10
100
100
0
22
21
64
9da
6b8
30
20
10
100
100
0
110
200
100
0
10
0
20
20
30
74
8da
5b8
50
30
32
1
3
2
10
10
0
0
0
11
21
30
50
4a7
7d9
6d9
5d8
5b8
73
30
10
3
3
1
0
0
10
20
20
41
7a9
9ca
8da
8d9
7d9
8da
8da
9ca
73
20
2
1
1
1
200
10
30
286
9ca
9da
9da
595
372
30
40
7b8
8da
9da
30
0
0
0
0
120
20
5a7
8db
6b8
70
40
30
20
0
10
30
8d9
8d9
30
10
0
100
10
30
597
9da
3a7
40
20
20
0
0
0
0
30
7d9
8d9
30
20
0
201
0
30
9da
8da
94
40
20
12
101
0
10
10
40
8d9
8d9
30
0
110
200
0
20
697
9d9
8d9
8d9
6a7
20
10
10
10
20
485
9da
4a6
20
110
100
201
0
10
30
70
5a5
8c8
6a6
20
10
10
20
40
9ca
9ca
50
20
211
100
1
112
0
20
30
20
30
20
10
2
2
20
95
8da
6a7
20
20
100
101
1
1
1
1
1
1
100
0
1
2
22
30
9da
8da
30
20
0
201
101
10
21
100
100
101
101
0
0
0
10
30
8ca
9da
40
30
0
210
101
1
10
10
100
200
101
0
11
10
20
30
7b9
9ca
161
30
10
211
100
2
12
10
10
210
100
0
12
1
20
40
597
9ca
586
20
20
1
2
2
2
12
10
21
10
0
10
10
20
40
85
8da
194
40
40
20
12
2
2
2
1
0
0
0
122
10
30
74
2a7
7da
7d9
4c8
2a6
95
74
30
21
2
20
31
354
20
10
21
20
8a9
8ca
8da
7da
7da
8da
8da
8da
8da
6b8
30
21
82
8ca
9ca
40
30
20
20
acb
9c9
7a7
595
6a6
5a6
5a6
7b8
9da
8da
7c9
20
7d9
9da
9ca
40
20
20
20
30
30
30
30
30
30
40
30
50
7d9
8d9
30
9da
9ca
797
30
10
10
10
10
20
10
10
20
10
20
20
40
7d9
7d9
30
40
40
20
10
0
110
110
0
1
2
1
1
100
10
20
73
8da
7c8
30
30
20
10
10
0
0
100
100
100
102
1
1
111
20
40
9db
9ca
40
10
20
20
10
0
1
0
100
100
100
0
1
2
10
30
4a7
9da
486
20
0
10
110
100
100
1
0
100
100
100
321
101
13
21
74
9da
6b8
30
10
100
0
100
200
201
11
1
0
0
110
10
10
20
74
8da
7c9
80
50
30
0
100
100
0
102
1
1
1
1
1
20
30
296
8da
7d9
7d9
7d9
7d9
85
40
100
100
1
1
1
1
1
11
30
40
6b8
8da
8d9
6c8
5b7
5c7
7da
8da
30
100
0
2
12
2
1
1
20
73
7d9
9da
7b8
484
40
30
40
8da
8da
30
0
10
1
2
1
10
10
40
8da
8da
5a6
40
30
10
30
64
8da
4a7
40
20
10
0
222
100
10
30
9ca
9da
84
30
20
0
20
40
9ca
9da
40
20
10
120
0
0
100
20
5a7
8da
5a7
40
10
2
11
30
5a7
9da
62
30
0
200
100
0
1
211
30
8da
8da
40
20
22
22
42
498
9ca
72
30
20
100
302
201
1
1
101
30
7da
7d9
50
30
30
486
7ca
8db
73
40
20
100
200
101
102
202
101
101
30
8da
7e9
8d9
8d9
9d9
9d9
7d9
7d9
7c9
50
20
100
211
1
1
1
102
0
20
295
8d9
8d9
6b6
4a5
293
4a5
8d9
8da
7c9
30
0
0
10
10
0
0
10
10
30
30
40
30
20
20
20
40
8da
7da
30
0
1
10
10
0
0
10
0
1
1
0
0
100
112
1
30
8da
8da
30
1
1
100
0
2
11
0
100
101
102
100
100
0
0
11
40
8d9
8d9
30
1
1
100
100
1
1
0
100
201
202
101
101
0
10
30
8ba
9da
50
20
0
0
200
200
100
100
0
100
200
200
201
101
2
30
85
9da
8b8
30
20
0
0
100
100
100
100
0
0
100
100
0
11
30
75
8da
7c9
40
20
20
20
20
1
0
0
0
1
1
11
11
11
30
84
7da
7c9
60
40
40
40
30
30
10
10
0
1
2
11
30
30
40
5a7
7da
7da
4a7
6b8
6b8
7c9
7c9
6b8
5a7
10
21
2
102
102
20
5a7
6c9
8d9
8d9
8d9
8d9
8da
8da
7da
7d9
8d9
9da
8d9
20
10
1
202
101
20
8c9
8da
7c8
5b7
3a5
94
81
3a5
7d9
7d9
7c8
6b6
81
20
10
211
200
201
0
20
30
40
40
50
3a6
8d9
9d9
7b7
70
30
30
20
0
110
100
100
100
101
100
10
30
175
8ca
9da
6b7
50
30
20
10
11
0
202
102
101
0
111
0
0
30
96
8da
9da
485
30
20
10
11
0
0
0
202
102
1
111
0
10
20
40
8da
7da
72
30
0
101
2
2
1
0
0
101
1
10
21
0
20
30
8c9
8da
6b8
30
10
101
102
1
0
0
0
111
0
10
10
10
110
10
40
9ca
9da
40
20
100
101
0
0
0
0
0
0
10
10
11
11
0
20
40
9da
9da
40
30
0
0
0
22
0
0
0
0
0
0
11
22
100
10
40
8b9
aca
40
20
0
120
0
0
0
0
0
0
0
210
101
101
100
110
10
20
464
20
120
100
0
112
0
0
100
100
100
100
100
100
202
202
100
211
0
10
10
110
100
1
1
0
110
100
100
100
1
1
1
0
1
0
20
10
10
0
2
113
202
101
10
20
0
0
0
1
1
11
0
1
0
10
10
0
112
2
2
101
100
10
10
0
0
0
101
0
0
10
0
0
0
0
0
0
1
1
1
101
200
100
0
0
0
100
0
1
11
0
0
0
0
100
0
10
0
102
101
100
100
0
1
1
100
0
2
2
1
0
0
0
0
0
0
1
2
2
0
0
0
0
100
200
0
2
13
11
10
0
100
0
0
0
1
102
2
0
10
0
100
100
200
211
11
11
20
20
100
100
0
0
0
100
201
201
0
0
0
0
0
100
10
20
687
697
20
10
0
10
10
0
100
200
201
0
0
0
0
0
10
20
30
9cb
9cb
40
20
10
10
10
10
100
200
100
10
10
0
0
0
10
20
40
9cb
9db
40
20
0
10
10
0
100
100
100
10
10
0
0
10
10
20
40
9ca
9ca
40
20
1
1
0
100
100
100
0
0
0
0
0
0
10
20
40
9da
9da
40
20
100
1
0
0
0
0
1
2
1
100
100
0
11
20
40
9ca
9ca
40
20
110
0
10
10
10
12
2
103
203
300
300
200
0
30
40
9da
9da
50
30
20
30
30
40
30
30
31
31
20
20
10
120
100
20
195
8da
82
50
73
74
96
2a7
5b8
6b8
6c8
7c9
6c9
6c9
5b9
297
30
111
30
8da
7da
8da
8da
9db
8db
8da
8da
8da
8da
8da
8d9
7d9
8da
7da
8db
30
10
30
8da
7d9
8d9
9da
8c9
7b8
7b7
6a6
595
484
273
61
273
485
698
476
20
20
30
8da
7d9
80
40
40
40
30
30
20
20
20
20
20
20
20
20
20
11
30
8da
4a6
30
10
20
10
10
10
10
0
10
10
0
10
10
10
10
20
486
9da
40
20
200
101
1
0
0
101
1
11
10
0
100
0
110
0
40
9cb
9ca
40
20
100
1
102
0
0
200
200
0
0
0
0
100
100
0
50
9da
9da
40
20
0
2
2
1
0
200
200
0
0
0
0
110
0
0
50
9ca
9da
40
20
10
113
2
1
0
0
0
10
10
100
101
0
0
1
40
9ca
9da
40
30
10
1
112
0
1
1
1
10
10
1
101
1
1
12
30
aca
aca
30
20
20
10
0
0
100
100
100
0
10
1
1
102
102
1
30
585
797
30
20
20
10
10
20
20
20
30
30
30
30
20
1
213
0
10
20
20
20
22
11
22
30
74
86
3a7
5b8
5b8
4a7
95
74
30
20
20
30
30
265
20
10
12
11
8a9
9cb
8da
8da
8da
8da
8da
8da
8da
7b8
40
20
83
8ca
9db
40
10
0
20
acb
8b9
7b7
6a6
6a6
6a6
5a6
7b8
9ca
8da
7c9
30
7da
8da
9ca
30
20
0
20
30
40
40
30
30
30
40
40
50
7da
8da
40
9da
9ca
697
20
0
100
0
20
20
20
20
20
10
20
30
40
8da
8da
40
40
40
20
20
0
100
100
101
0
0
10
10
2
2
20
74
8da
7c9
30
20
20
10
0
21
11
102
101
0
0
0
0
102
11
40
8ca
9ca
40
20
100
100
0
0
0
0
1
1
0
11
1
1
12
20
5a7
9da
485
30
10
202
101
112
0
221
0
0
11
0
0
0
10
20
63
9da
7b8
30
10
10
1
1
1
0
0
0
10
0
1
1
21
20
74
9db
6b8
40
20
10
10
0
0
11
0
0
0
200
100
102
12
30
40
8ca
6b8
40
30
31
21
10
10
0
0
100
0
0
10
20
30
40
285
8da
5c8
94
4a7
5a8
598
64
20
1
0
100
200
101
1
30
386
6c9
7da
7d9
7d9
7d9
8d9
8d9
8da
8da
9da
30
1
101
210
100
202
11
30
9ca
7da
7d9
8d9
7c8
5c7
1b5
3b5
7d9
8d9
7b8
20
0
222
0
111
0
0
20
40
272
60
40
40
50
1a5
8d9
8c8
484
30
10
0
110
0
11
0
121
10
10
20
30
20
364
8ca
9ca
5a6
40
20
120
0
0
0
0
0
1
111
10
10
20
30
697
9ca
8a9
30
30
20
10
110
110
0
10
0
0
102
1
0
20
40
8ba
9db
385
30
20
10
11
1
0
10
0
0
1
1
1
0
0
30
7c9
8da
196
40
20
21
21
21
12
12
11
10
0
1
1
0
0
0
30
8da
8da
6b8
386
486
64
174
74
40
31
10
1
0
100
100
101
0
0
20
6a7
9da
8d9
9da
9da
8da
7d9
7d9
7da
6b8
30
0
100
100
100
100
0
0
20
30
40
71
193
94
93
1b5
7d9
7d9
9da
20
100
100
101
1
0
0
0
0
10
20
30
40
50
80
5b7
8d9
7b7
30
10
100
0
1
1
0
0
0
0
10
30
30
486
7b8
9ca
7b8
70
30
10
110
0
0
2
2
10
10
0
10
30
63
8c9
9ca
8a8
363
20
20
10
0
0
0
0
1
1
10
10
10
20
4a7
8db
6b8
70
40
20
21
12
12
1
0
1
0
11
11
0
20
30
7a8
8da
4c8
60
40
40
30
30
21
10
0
0
100
112
10
10
222
10
30
9ca
8da
8da
8ca
8ba
7a9
7b9
5a7
63
30
20
0
200
0
10
11
0
110
10
462
6a6
7b8
7b8
9c9
8b9
9da
8d9
9da
7a8
30
10
100
0
11
11
0
210
100
20
30
30
30
40
40
70
3a5
8da
9ca
30
10
100
100
0
0
0
0
100
0
10
10
20
20
30
40
50
8da
9db
30
10
100
0
110
10
0
0
212
101
2
12
0
10
10
30
5a7
9da
73
20
10
100
0
10
10
12
1
100
200
2
0
10
20
30
63
adb
7b8
30
10
1
201
0
21
0
1
1
100
100
0
10
30
30
50
9cb
8b9
40
20
10
1
100
100
202
101
100
211
0
10
0
20
40
73
7da
7da
50
40
30
20
1
100
0
101
101
200
0
32
20
30
385
6b9
8da
7ea
6d9
8da
8ca
385
40
10
10
10
10
0
211
10
30
74
7c9
8da
8da
7c9
7d9
7d9
6b7
9d9
8da
285
20
20
20
10
21
0
31
286
8da
8d9
3a5
81
95
8da
6b7
50
394
8da
8da
30
10
10
0
0
31
30
9da
7c9
50
40
60
9da
9ca
40
20
40
7d9
8da
30
100
210
1
10
30
8b9
8d9
60
40
74
9ca
9ca
40
20
10
30
8da
8da
30
301
200
2
21
40
9ca
8d9
b5
1a5
8da
9ca
30
30
20
20
40
8da
8da
30
200
200
102
10
30
485
8d9
8d9
8da
7c9
40
10
10
10
30
485
9da
194
30
200
100
112
1
20
30
40
585
363
30
10
0
0
20
40
9ca
9cb
40
30
100
100
101
1
20
20
10
10
210
100
100
112
10
30
185
9da
586
20
30
0
110
100
100
0
0
10
0
0
100
202
0
21
40
9da
7b8
30
10
10
0
0
0
100
2
1
10
0
100
100
0
20
30
acb
9ca
40
20
0
100
12
1
2
2
3
3
2
0
200
0
20
30
7b8
9ca
30
20
10
100
100
1
1
1
2
3
3
12
20
20
20
40
6b8
7c9
60
40
30
30
30
20
0
0
10
10
100
1
32
41
40
73
6c9
7da
1b6
4c7
5b7
6c9
6c9
5b8
3a7
200
100
0
120
100
20
697
8ba
9ca
8da
8da
7d9
7da
7d9
7da
7d9
7da
7da
7da
200
200
100
100
100
20
9b9
9ca
8c8
7b8
4a7
95
83
2b6
8d9
8d9
8c9
7a8
173
200
200
101
202
111
10
30
50
50
40
50
4a7
8da
8ca
7b8
71
30
30
20
0
0
102
2
0
121
20
20
30
72
8da
8d9
7b8
40
20
20
10
20
10
0
0
2
2
1
0
10
20
386
9db
8d9
293
40
20
0
100
100
0
0
110
0
1
12
0
10
20
40
8da
8da
272
30
20
20
0
201
200
200
311
0
222
1
11
10
20
30
8b9
8da
5b7
30
110
10
0
0
100
100
100
200
0
1
1
1
0
30
40
9da
9da
50
20
0
112
0
10
0
11
0
0
0
0
112
102
1
20
40
9ca
9ca
40
20
1
2
1
0
10
10
11
0
110
0
102
1
122
10
30
9b9
aca
30
20
0
102
1
10
10
0
0
0
0
0
102
1
1
10
20
30
474
20
10
0
102
0
0
20
0
0
0
0
0
1
102
1
0
20
20
10
10
110
0
112
0
0
10
0
0
0
0
111
101
1
102
0
0
10
10
10
0
0
0
1
10
0
0
0
0
0
0
101
100
100
211
10
0
10
0
0
111
0
1
0
0
0
1
0
10
0
0
211
100
100
0
10
10
0
11
11
0
101
100
0
0
1
0
0
111
0
100
200
100
0
10
0
0
0
0
100
100
100
0
1
1
101
11
0
111
100
200
200
0
0
1
1
0
1
211
100
100
0
10
0
201
11
10
0
100
200
200
0
11
1
1
1
1
0
0
10
10
0
100
101
12
10
0
0
200
100
0
0
101
1
12
0
0
0
10
10
0
100
101
100
100
0
100
100
210
0
20
100
101
1
1
101
100
0
10
0
100
100
100
100
100
0
100
10
30
20
10
10
10
0
211
0
10
20
30
20
10
10
10
0
111
0
20
50
597
174
30
21
1
100
0
30
597
7c9
6b9
30
10
10
0
0
10
20
9ca
9db
9cb
30
20
0
100
10
30
9db
8da
8db
30
0
0
0
0
10
20
9ba
9ca
9ba
30
10
1
101
0
30
9b9
9b9
163
20
201
100
0
0
10
20
30
586
30
10
10
1
0
0
20
30
30
20
10
100
0
0
0
0
0
10
10
0
0
0
0
0
10
10
10
10
0
0
0
0
0
0
0
100
100
100
100
0
0
0
10
0
1
0
0
0
0
0
0
0
0
0
0
100
100
0
0
0
0
0
0
100
100
0
0
0
0
0
0
0
0
0
100
100
0
0
0
0
100
100
100
100
0
0
0
0
0
0
0
1
1
1
0
0
0
0
0
100
100
100
100
0
0
0
0
0
0
0
1
1
1
0
0
0
0
0
100
100
0
0
0
0
0
0
0
0
0
0
0
10
0
0
0
0
0
0
0
0
10
0
0
0
100
0
0
0
0
0
0
0
1
101
1
1
0
0
10
10
0
0
0
101
100
0
10
0
0
0
1
1
102
202
202
1
11
10
0
0
0
0
101
101
0
0
0
0
100
100
1
101
202
202
12
11
0
110
0
0
0
101
101
0
0
10
110
100
100
100
1
101
1
1
1
100
100
0
0
0
1
0
0
0
0
0
0
0
0
10
20
21
21
0
312
200
100
0
0
11
0
101
0
0
10
10
10
20
30
7a9
40
20
10
100
100
0
0
0
0
0
112
1
1
22
10
20
30
7b8
9da
6b8
40
20
10
201
0
0
0
0
0
12
2
2
1
10
40
596
9da
8da
8da
3a7
40
10
201
0
0
0
0
0
1
1
102
1
30
485
9ca
194
8da
94
8da
386
20
0
0
0
0
1
11
0
100
0
20
163
aca
363
40
9ca
50
73
acb
363
20
10
0
0
12
1
100
200
100
20
8a8
40
20
20
aca
50
30
30
9a9
20
10
0
0
11
0
100
200
200
100
30
20
20
30
acb
40
20
10
10
20
0
0
0
10
21
10
0
122
10
20
20
30
30
acb
30
10
0
10
10
0
0
0
1
0
20
30
41
40
40
40
50
40
9cb
30
20
1
10
10
0
0
0
100
0
20
acb
9cb
9cb
9ca
9ca
8ca
9db
9cb
30
10
0
10
10
0
0
0
200
220
20
8a8
7a8
8b9
7a8
7a8
7b8
7b8
8a8
20
110
100
100
0
0
0
0
100
0
20
20
30
30
40
30
30
30
20
20
100
200
100
100
0
0
0
10
0
0
10
20
20
20
20
10
10
10
10
0
100
100
0
0
0
0